EXP: [4,0] => [[[[0,[5,4]],[[7,7],[6,0]]],[[8,[7,7]],[[7,9],[5,0]]]],[[2,[[0,8],[3,4]]],[[[6,7],1],[7,[1,6]]]]]
EXP: [5,4] => [[[[5,0],[[11,7],[6,0]]],[[8,[7,7]],[[7,9],[5,0]]]],[[2,[[0,8],[3,4]]],[[[6,7],1],[7,[1,6]]]]]
EXP: [11,7] => [[[[5,11],[0,[13,0]]],[[8,[7,7]],[[7,9],[5,0]]]],[[2,[[0,8],[3,4]]],[[[6,7],1],[7,[1,6]]]]]
EXP: [13,0] => [[[[5,11],[13,0]],[[8,[7,7]],[[7,9],[5,0]]]],[[2,[[0,8],[3,4]]],[[[6,7],1],[7,[1,6]]]]]
EXP: [7,7] => [[[[5,11],[13,0]],[[15,0],[[14,9],[5,0]]]],[[2,[[0,8],[3,4]]],[[[6,7],1],[7,[1,6]]]]]
EXP: [14,9] => [[[[5,11],[13,0]],[[15,14],[0,[14,0]]]],[[2,[[0,8],[3,4]]],[[[6,7],1],[7,[1,6]]]]]
EXP: [14,0] => [[[[5,11],[13,0]],[[15,14],[14,0]]],[[2,[[0,8],[3,4]]],[[[6,7],1],[7,[1,6]]]]]
EXP: [0,8] => [[[[5,11],[13,0]],[[15,14],[14,0]]],[[2,[0,[11,4]]],[[[6,7],1],[7,[1,6]]]]]
EXP: [11,4] => [[[[5,11],[13,0]],[[15,14],[14,0]]],[[2,[11,0]],[[[10,7],1],[7,[1,6]]]]]
EXP: [10,7] => [[[[5,11],[13,0]],[[15,14],[14,0]]],[[2,[11,10]],[[0,8],[7,[1,6]]]]]
EXP: [1,6] => [[[[5,11],[13,0]],[[15,14],[14,0]]],[[2,[11,10]],[[0,8],[8,0]]]]
SPL: 11 => [[[[5,[5,6]],[13,0]],[[15,14],[14,0]]],[[2,[11,10]],[[0,8],[8,0]]]]
EXP: [5,6] => [[[[10,0],[19,0]],[[15,14],[14,0]]],[[2,[11,10]],[[0,8],[8,0]]]]
SPL: 10 => [[[[[5,5],0],[19,0]],[[15,14],[14,0]]],[[2,[11,10]],[[0,8],[8,0]]]]
EXP: [5,5] => [[[[0,5],[19,0]],[[15,14],[14,0]]],[[2,[11,10]],[[0,8],[8,0]]]]
SPL: 19 => [[[[0,5],[[9,10],0]],[[15,14],[14,0]]],[[2,[11,10]],[[0,8],[8,0]]]]
EXP: [9,10] => [[[[0,14],[0,10]],[[15,14],[14,0]]],[[2,[11,10]],[[0,8],[8,0]]]]
SPL: 14 => [[[[0,[7,7]],[0,10]],[[15,14],[14,0]]],[[2,[11,10]],[[0,8],[8,0]]]]
EXP: [7,7] => [[[[7,0],[7,10]],[[15,14],[14,0]]],[[2,[11,10]],[[0,8],[8,0]]]]
SPL: 10 => [[[[7,0],[7,[5,5]]],[[15,14],[14,0]]],[[2,[11,10]],[[0,8],[8,0]]]]
EXP: [5,5] => [[[[7,0],[12,0]],[[20,14],[14,0]]],[[2,[11,10]],[[0,8],[8,0]]]]
SPL: 12 => [[[[7,0],[[6,6],0]],[[20,14],[14,0]]],[[2,[11,10]],[[0,8],[8,0]]]]
EXP: [6,6] => [[[[7,6],[0,6]],[[20,14],[14,0]]],[[2,[11,10]],[[0,8],[8,0]]]]
SPL: 20 => [[[[7,6],[0,6]],[[[10,10],14],[14,0]]],[[2,[11,10]],[[0,8],[8,0]]]]
EXP: [10,10] => [[[[7,6],[0,16]],[[0,24],[14,0]]],[[2,[11,10]],[[0,8],[8,0]]]]
SPL: 16 => [[[[7,6],[0,[8,8]]],[[0,24],[14,0]]],[[2,[11,10]],[[0,8],[8,0]]]]
EXP: [8,8] => [[[[7,6],[8,0]],[[8,24],[14,0]]],[[2,[11,10]],[[0,8],[8,0]]]]
SPL: 24 => [[[[7,6],[8,0]],[[8,[12,12]],[14,0]]],[[2,[11,10]],[[0,8],[8,0]]]]
EXP: [12,12] => [[[[7,6],[8,0]],[[20,0],[26,0]]],[[2,[11,10]],[[0,8],[8,0]]]]
SPL: 20 => [[[[7,6],[8,0]],[[[10,10],0],[26,0]]],[[2,[11,10]],[[0,8],[8,0]]]]
EXP: [10,10] => [[[[7,6],[8,10]],[[0,10],[26,0]]],[[2,[11,10]],[[0,8],[8,0]]]]
SPL: 10 => [[[[7,6],[8,[5,5]]],[[0,10],[26,0]]],[[2,[11,10]],[[0,8],[8,0]]]]
EXP: [5,5] => [[[[7,6],[13,0]],[[5,10],[26,0]]],[[2,[11,10]],[[0,8],[8,0]]]]
SPL: 13 => [[[[7,6],[[6,7],0]],[[5,10],[26,0]]],[[2,[11,10]],[[0,8],[8,0]]]]
EXP: [6,7] => [[[[7,12],[0,7]],[[5,10],[26,0]]],[[2,[11,10]],[[0,8],[8,0]]]]
SPL: 12 => [[[[7,[6,6]],[0,7]],[[5,10],[26,0]]],[[2,[11,10]],[[0,8],[8,0]]]]
EXP: [6,6] => [[[[13,0],[6,7]],[[5,10],[26,0]]],[[2,[11,10]],[[0,8],[8,0]]]]
SPL: 13 => [[[[[6,7],0],[6,7]],[[5,10],[26,0]]],[[2,[11,10]],[[0,8],[8,0]]]]
EXP: [6,7] => [[[[0,7],[6,7]],[[5,10],[26,0]]],[[2,[11,10]],[[0,8],[8,0]]]]
SPL: 10 => [[[[0,7],[6,7]],[[5,[5,5]],[26,0]]],[[2,[11,10]],[[0,8],[8,0]]]]
EXP: [5,5] => [[[[0,7],[6,7]],[[10,0],[31,0]]],[[2,[11,10]],[[0,8],[8,0]]]]
SPL: 10 => [[[[0,7],[6,7]],[[[5,5],0],[31,0]]],[[2,[11,10]],[[0,8],[8,0]]]]
EXP: [5,5] => [[[[0,7],[6,12]],[[0,5],[31,0]]],[[2,[11,10]],[[0,8],[8,0]]]]
SPL: 12 => [[[[0,7],[6,[6,6]]],[[0,5],[31,0]]],[[2,[11,10]],[[0,8],[8,0]]]]
EXP: [6,6] => [[[[0,7],[12,0]],[[6,5],[31,0]]],[[2,[11,10]],[[0,8],[8,0]]]]
SPL: 12 => [[[[0,7],[[6,6],0]],[[6,5],[31,0]]],[[2,[11,10]],[[0,8],[8,0]]]]
EXP: [6,6] => [[[[0,13],[0,6]],[[6,5],[31,0]]],[[2,[11,10]],[[0,8],[8,0]]]]
SPL: 13 => [[[[0,[6,7]],[0,6]],[[6,5],[31,0]]],[[2,[11,10]],[[0,8],[8,0]]]]
EXP: [6,7] => [[[[6,0],[7,6]],[[6,5],[31,0]]],[[2,[11,10]],[[0,8],[8,0]]]]
SPL: 31 => [[[[6,0],[7,6]],[[6,5],[[15,16],0]]],[[2,[11,10]],[[0,8],[8,0]]]]
EXP: [15,16] => [[[[6,0],[7,6]],[[6,20],[0,16]]],[[2,[11,10]],[[0,8],[8,0]]]]
SPL: 20 => [[[[6,0],[7,6]],[[6,[10,10]],[0,16]]],[[2,[11,10]],[[0,8],[8,0]]]]
EXP: [10,10] => [[[[6,0],[7,6]],[[16,0],[10,16]]],[[2,[11,10]],[[0,8],[8,0]]]]
SPL: 16 => [[[[6,0],[7,6]],[[[8,8],0],[10,16]]],[[2,[11,10]],[[0,8],[8,0]]]]
EXP: [8,8] => [[[[6,0],[7,14]],[[0,8],[10,16]]],[[2,[11,10]],[[0,8],[8,0]]]]
SPL: 14 => [[[[6,0],[7,[7,7]]],[[0,8],[10,16]]],[[2,[11,10]],[[0,8],[8,0]]]]
EXP: [7,7] => [[[[6,0],[14,0]],[[7,8],[10,16]]],[[2,[11,10]],[[0,8],[8,0]]]]
SPL: 14 => [[[[6,0],[[7,7],0]],[[7,8],[10,16]]],[[2,[11,10]],[[0,8],[8,0]]]]
EXP: [7,7] => [[[[6,7],[0,7]],[[7,8],[10,16]]],[[2,[11,10]],[[0,8],[8,0]]]]
SPL: 10 => [[[[6,7],[0,7]],[[7,8],[[5,5],16]]],[[2,[11,10]],[[0,8],[8,0]]]]
EXP: [5,5] => [[[[6,7],[0,7]],[[7,13],[0,21]]],[[2,[11,10]],[[0,8],[8,0]]]]
SPL: 13 => [[[[6,7],[0,7]],[[7,[6,7]],[0,21]]],[[2,[11,10]],[[0,8],[8,0]]]]
EXP: [6,7] => [[[0,[7,7]],[[7,[6,7]],[0,21]]],[[2,[11,10]],[[0,8],[8,0]]]]
EXP: [6,7] => [[[0,[7,7]],[[13,0],[7,21]]],[[2,[11,10]],[[0,8],[8,0]]]]
SPL: 13 => [[[0,[7,7]],[[[6,7],0],[7,21]]],[[2,[11,10]],[[0,8],[8,0]]]]
EXP: [6,7] => [[[0,[7,13]],[[0,7],[7,21]]],[[2,[11,10]],[[0,8],[8,0]]]]
SPL: 13 => [[[0,[7,[6,7]]],[[0,7],[7,21]]],[[2,[11,10]],[[0,8],[8,0]]]]
EXP: [6,7] => [[[0,[13,0]],[[7,7],[7,21]]],[[2,[11,10]],[[0,8],[8,0]]]]
SPL: 13 => [[[0,[[6,7],0]],[[7,7],[7,21]]],[[2,[11,10]],[[0,8],[8,0]]]]
EXP: [6,7] => [[[6,[0,7]],[[7,7],[7,21]]],[[2,[11,10]],[[0,8],[8,0]]]]
SPL: 21 => [[[6,[0,7]],[[7,7],[7,[10,11]]]],[[2,[11,10]],[[0,8],[8,0]]]]
EXP: [10,11] => [[[6,[0,7]],[[7,7],[17,0]]],[[13,[11,10]],[[0,8],[8,0]]]]
SPL: 17 => [[[6,[0,7]],[[7,7],[[8,9],0]]],[[13,[11,10]],[[0,8],[8,0]]]]
EXP: [8,9] => [[[6,[0,7]],[[7,15],[0,9]]],[[13,[11,10]],[[0,8],[8,0]]]]
SPL: 15 => [[[6,[0,7]],[[7,[7,8]],[0,9]]],[[13,[11,10]],[[0,8],[8,0]]]]
EXP: [7,8] => [[[6,[0,7]],[[14,0],[8,9]]],[[13,[11,10]],[[0,8],[8,0]]]]
SPL: 14 => [[[6,[0,7]],[[[7,7],0],[8,9]]],[[13,[11,10]],[[0,8],[8,0]]]]
EXP: [7,7] => [[[6,[0,14]],[[0,7],[8,9]]],[[13,[11,10]],[[0,8],[8,0]]]]
SPL: 14 => [[[6,[0,[7,7]]],[[0,7],[8,9]]],[[13,[11,10]],[[0,8],[8,0]]]]
EXP: [7,7] => [[[6,[7,0]],[[7,7],[8,9]]],[[13,[11,10]],[[0,8],[8,0]]]]
SPL: 13 => [[[6,[7,0]],[[7,7],[8,9]]],[[[6,7],[11,10]],[[0,8],[8,0]]]]
SPL: 11 => [[[6,[7,0]],[[7,7],[8,9]]],[[[6,7],[[5,6],10]],[[0,8],[8,0]]]]
EXP: [5,6] => [[[6,[7,0]],[[7,7],[8,9]]],[[[6,12],[0,16]],[[0,8],[8,0]]]]
SPL: 12 => [[[6,[7,0]],[[7,7],[8,9]]],[[[6,[6,6]],[0,16]],[[0,8],[8,0]]]]
EXP: [6,6] => [[[6,[7,0]],[[7,7],[8,9]]],[[[12,0],[6,16]],[[0,8],[8,0]]]]
SPL: 12 => [[[6,[7,0]],[[7,7],[8,9]]],[[[[6,6],0],[6,16]],[[0,8],[8,0]]]]
EXP: [6,6] => [[[6,[7,0]],[[7,7],[8,15]]],[[[0,6],[6,16]],[[0,8],[8,0]]]]
SPL: 15 => [[[6,[7,0]],[[7,7],[8,[7,8]]]],[[[0,6],[6,16]],[[0,8],[8,0]]]]
EXP: [7,8] => [[[6,[7,0]],[[7,7],[15,0]]],[[[8,6],[6,16]],[[0,8],[8,0]]]]
SPL: 15 => [[[6,[7,0]],[[7,7],[[7,8],0]]],[[[8,6],[6,16]],[[0,8],[8,0]]]]
EXP: [7,8] => [[[6,[7,0]],[[7,14],[0,8]]],[[[8,6],[6,16]],[[0,8],[8,0]]]]
SPL: 14 => [[[6,[7,0]],[[7,[7,7]],[0,8]]],[[[8,6],[6,16]],[[0,8],[8,0]]]]
EXP: [7,7] => [[[6,[7,0]],[[14,0],[7,8]]],[[[8,6],[6,16]],[[0,8],[8,0]]]]
SPL: 14 => [[[6,[7,0]],[[[7,7],0],[7,8]]],[[[8,6],[6,16]],[[0,8],[8,0]]]]
EXP: [7,7] => [[[6,[7,7]],[[0,7],[7,8]]],[[[8,6],[6,16]],[[0,8],[8,0]]]]
SPL: 16 => [[[6,[7,7]],[[0,7],[7,8]]],[[[8,6],[6,[8,8]]],[[0,8],[8,0]]]]
EXP: [8,8] => [[[6,[7,7]],[[0,7],[7,8]]],[[[8,6],[14,0]],[[8,8],[8,0]]]]
SPL: 14 => [[[6,[7,7]],[[0,7],[7,8]]],[[[8,6],[[7,7],0]],[[8,8],[8,0]]]]
EXP: [7,7] => [[[13,0],[[7,7],[7,8]]],[[[8,6],[[7,7],0]],[[8,8],[8,0]]]]
EXP: [7,7] => [[[13,7],[0,[14,8]]],[[[8,6],[[7,7],0]],[[8,8],[8,0]]]]
EXP: [7,7] => [[[13,7],[0,[14,8]]],[[[8,13],[0,7]],[[8,8],[8,0]]]]
SPL: 13 => [[[[6,7],7],[0,[14,8]]],[[[8,13],[0,7]],[[8,8],[8,0]]]]
SPL: 14 => [[[[6,7],7],[0,[[7,7],8]]],[[[8,13],[0,7]],[[8,8],[8,0]]]]
EXP: [7,7] => [[[[6,7],7],[7,[0,15]]],[[[8,13],[0,7]],[[8,8],[8,0]]]]
SPL: 15 => [[[[6,7],7],[7,[0,[7,8]]]],[[[8,13],[0,7]],[[8,8],[8,0]]]]
EXP: [7,8] => [[[[6,7],7],[7,[7,0]]],[[[16,13],[0,7]],[[8,8],[8,0]]]]
SPL: 16 => [[[[6,7],7],[7,[7,0]]],[[[[8,8],13],[0,7]],[[8,8],[8,0]]]]
EXP: [8,8] => [[[[6,7],7],[7,[7,8]]],[[[0,21],[0,7]],[[8,8],[8,0]]]]
SPL: 21 => [[[[6,7],7],[7,[7,8]]],[[[0,[10,11]],[0,7]],[[8,8],[8,0]]]]
EXP: [10,11] => [[[[6,7],7],[7,[7,8]]],[[[10,0],[11,7]],[[8,8],[8,0]]]]
SPL: 10 => [[[[6,7],7],[7,[7,8]]],[[[[5,5],0],[11,7]],[[8,8],[8,0]]]]
EXP: [5,5] => [[[[6,7],7],[7,[7,13]]],[[[0,5],[11,7]],[[8,8],[8,0]]]]
SPL: 13 => [[[[6,7],7],[7,[7,[6,7]]]],[[[0,5],[11,7]],[[8,8],[8,0]]]]
EXP: [6,7] => [[[0,14],[7,[7,[6,7]]]],[[[0,5],[11,7]],[[8,8],[8,0]]]]
EXP: [6,7] => [[[0,14],[7,[13,0]]],[[[7,5],[11,7]],[[8,8],[8,0]]]]
SPL: 14 => [[[0,[7,7]],[7,[13,0]]],[[[7,5],[11,7]],[[8,8],[8,0]]]]
SPL: 13 => [[[0,[7,7]],[7,[[6,7],0]]],[[[7,5],[11,7]],[[8,8],[8,0]]]]
EXP: [6,7] => [[[0,[7,7]],[13,[0,7]]],[[[7,5],[11,7]],[[8,8],[8,0]]]]
SPL: 13 => [[[0,[7,7]],[[6,7],[0,7]]],[[[7,5],[11,7]],[[8,8],[8,0]]]]
SPL: 11 => [[[0,[7,7]],[[6,7],[0,7]]],[[[7,5],[[5,6],7]],[[8,8],[8,0]]]]
EXP: [5,6] => [[[0,[7,7]],[[6,7],[0,7]]],[[[7,10],[0,13]],[[8,8],[8,0]]]]
SPL: 10 => [[[0,[7,7]],[[6,7],[0,7]]],[[[7,[5,5]],[0,13]],[[8,8],[8,0]]]]
EXP: [5,5] => [[[0,[7,7]],[[6,7],[0,7]]],[[[12,0],[5,13]],[[8,8],[8,0]]]]
SPL: 12 => [[[0,[7,7]],[[6,7],[0,7]]],[[[[6,6],0],[5,13]],[[8,8],[8,0]]]]
EXP: [6,6] => [[[0,[7,7]],[[6,7],[0,13]]],[[[0,6],[5,13]],[[8,8],[8,0]]]]
SPL: 13 => [[[0,[7,7]],[[6,7],[0,[6,7]]]],[[[0,6],[5,13]],[[8,8],[8,0]]]]
EXP: [6,7] => [[[0,[7,13]],[0,[7,[6,7]]]],[[[0,6],[5,13]],[[8,8],[8,0]]]]
EXP: [6,7] => [[[0,[7,13]],[0,[13,0]]],[[[7,6],[5,13]],[[8,8],[8,0]]]]
SPL: 13 => [[[0,[7,[6,7]]],[0,[13,0]]],[[[7,6],[5,13]],[[8,8],[8,0]]]]
EXP: [6,7] => [[[0,[13,0]],[7,[13,0]]],[[[7,6],[5,13]],[[8,8],[8,0]]]]
SPL: 13 => [[[0,[[6,7],0]],[7,[13,0]]],[[[7,6],[5,13]],[[8,8],[8,0]]]]
EXP: [6,7] => [[[6,[0,7]],[7,[13,0]]],[[[7,6],[5,13]],[[8,8],[8,0]]]]
SPL: 13 => [[[6,[0,7]],[7,[[6,7],0]]],[[[7,6],[5,13]],[[8,8],[8,0]]]]
EXP: [6,7] => [[[6,[0,7]],[13,[0,7]]],[[[7,6],[5,13]],[[8,8],[8,0]]]]
SPL: 13 => [[[6,[0,7]],[[6,7],[0,7]]],[[[7,6],[5,13]],[[8,8],[8,0]]]]
SPL: 13 => [[[6,[0,7]],[[6,7],[0,7]]],[[[7,6],[5,[6,7]]],[[8,8],[8,0]]]]
EXP: [6,7] => [[[6,[0,13]],[0,[7,7]]],[[[7,6],[5,[6,7]]],[[8,8],[8,0]]]]
EXP: [6,7] => [[[6,[0,13]],[0,[7,7]]],[[[7,6],[11,0]],[[15,8],[8,0]]]]
SPL: 13 => [[[6,[0,[6,7]]],[0,[7,7]]],[[[7,6],[11,0]],[[15,8],[8,0]]]]
EXP: [6,7] => [[[6,[6,0]],[7,[7,7]]],[[[7,6],[11,0]],[[15,8],[8,0]]]]
SPL: 11 => [[[6,[6,0]],[7,[7,7]]],[[[7,6],[[5,6],0]],[[15,8],[8,0]]]]
EXP: [5,6] => [[[6,[6,0]],[7,[7,7]]],[[[7,11],[0,6]],[[15,8],[8,0]]]]
SPL: 11 => [[[6,[6,0]],[7,[7,7]]],[[[7,[5,6]],[0,6]],[[15,8],[8,0]]]]
EXP: [5,6] => [[[6,[6,0]],[7,[7,7]]],[[[12,0],[6,6]],[[15,8],[8,0]]]]
SPL: 12 => [[[6,[6,0]],[7,[7,7]]],[[[[6,6],0],[6,6]],[[15,8],[8,0]]]]
EXP: [6,6] => [[[6,[6,0]],[7,[7,13]]],[[[0,6],[6,6]],[[15,8],[8,0]]]]
SPL: 13 => [[[6,[6,0]],[7,[7,[6,7]]]],[[[0,6],[6,6]],[[15,8],[8,0]]]]
EXP: [6,7] => [[[6,[6,0]],[7,[13,0]]],[[[7,6],[6,6]],[[15,8],[8,0]]]]
SPL: 13 => [[[6,[6,0]],[7,[[6,7],0]]],[[[7,6],[6,6]],[[15,8],[8,0]]]]
EXP: [6,7] => [[[6,[6,0]],[13,[0,7]]],[[[7,6],[6,6]],[[15,8],[8,0]]]]
SPL: 13 => [[[6,[6,0]],[[6,7],[0,7]]],[[[7,6],[6,6]],[[15,8],[8,0]]]]
SPL: 15 => [[[6,[6,0]],[[6,7],[0,7]]],[[[7,6],[6,6]],[[[7,8],8],[8,0]]]]
EXP: [7,8] => [[[6,[6,0]],[[6,7],[0,7]]],[[[7,6],[6,13]],[[0,16],[8,0]]]]
SPL: 13 => [[[6,[6,0]],[[6,7],[0,7]]],[[[7,6],[6,[6,7]]],[[0,16],[8,0]]]]
EXP: [6,7] => [[[6,[6,6]],[0,[7,7]]],[[[7,6],[6,[6,7]]],[[0,16],[8,0]]]]
EXP: [6,7] => [[[6,[6,6]],[0,[7,7]]],[[[7,6],[12,0]],[[7,16],[8,0]]]]
SPL: 12 => [[[6,[6,6]],[0,[7,7]]],[[[7,6],[[6,6],0]],[[7,16],[8,0]]]]
EXP: [6,6] => [[[12,0],[6,[7,7]]],[[[7,6],[[6,6],0]],[[7,16],[8,0]]]]
EXP: [6,6] => [[[12,0],[6,[7,7]]],[[[7,12],[0,6]],[[7,16],[8,0]]]]
SPL: 12 => [[[[6,6],0],[6,[7,7]]],[[[7,12],[0,6]],[[7,16],[8,0]]]]
SPL: 12 => [[[[6,6],0],[6,[7,7]]],[[[7,[6,6]],[0,6]],[[7,16],[8,0]]]]
EXP: [6,6] => [[[0,6],[6,[7,7]]],[[[7,[6,6]],[0,6]],[[7,16],[8,0]]]]
EXP: [6,6] => [[[0,6],[6,[7,7]]],[[[13,0],[6,6]],[[7,16],[8,0]]]]
SPL: 13 => [[[0,6],[6,[7,7]]],[[[[6,7],0],[6,6]],[[7,16],[8,0]]]]
EXP: [6,7] => [[[0,6],[6,[7,13]]],[[[0,7],[6,6]],[[7,16],[8,0]]]]
SPL: 13 => [[[0,6],[6,[7,[6,7]]]],[[[0,7],[6,6]],[[7,16],[8,0]]]]
EXP: [6,7] => [[[0,6],[6,[13,0]]],[[[7,7],[6,6]],[[7,16],[8,0]]]]
SPL: 13 => [[[0,6],[6,[[6,7],0]]],[[[7,7],[6,6]],[[7,16],[8,0]]]]
EXP: [6,7] => [[[0,6],[12,[0,7]]],[[[7,7],[6,6]],[[7,16],[8,0]]]]
SPL: 12 => [[[0,6],[[6,6],[0,7]]],[[[7,7],[6,6]],[[7,16],[8,0]]]]
SPL: 16 => [[[0,6],[[6,6],[0,7]]],[[[7,7],[6,6]],[[7,[8,8]],[8,0]]]]
EXP: [8,8] => [[[0,6],[[6,6],[0,7]]],[[[7,7],[6,6]],[[15,0],[16,0]]]]
SPL: 15 => [[[0,6],[[6,6],[0,7]]],[[[7,7],[6,6]],[[[7,8],0],[16,0]]]]
EXP: [7,8] => [[[0,6],[[6,6],[0,7]]],[[[7,7],[6,13]],[[0,8],[16,0]]]]
SPL: 13 => [[[0,6],[[6,6],[0,7]]],[[[7,7],[6,[6,7]]],[[0,8],[16,0]]]]
EXP: [6,7] => [[[0,6],[[6,6],[0,7]]],[[[7,7],[12,0]],[[7,8],[16,0]]]]
SPL: 12 => [[[0,6],[[6,6],[0,7]]],[[[7,7],[[6,6],0]],[[7,8],[16,0]]]]
EXP: [6,6] => [[[0,12],[0,[6,7]]],[[[7,7],[[6,6],0]],[[7,8],[16,0]]]]
EXP: [6,6] => [[[0,12],[0,[6,7]]],[[[7,13],[0,6]],[[7,8],[16,0]]]]
SPL: 12 => [[[0,[6,6]],[0,[6,7]]],[[[7,13],[0,6]],[[7,8],[16,0]]]]
SPL: 13 => [[[0,[6,6]],[0,[6,7]]],[[[7,[6,7]],[0,6]],[[7,8],[16,0]]]]
EXP: [6,7] => [[[0,[6,6]],[6,0]],[[[14,[6,7]],[0,6]],[[7,8],[16,0]]]]
EXP: [6,7] => [[[0,[6,6]],[6,0]],[[[20,0],[7,6]],[[7,8],[16,0]]]]
SPL: 20 => [[[0,[6,6]],[6,0]],[[[[10,10],0],[7,6]],[[7,8],[16,0]]]]
EXP: [10,10] => [[[0,[6,6]],[6,10]],[[[0,10],[7,6]],[[7,8],[16,0]]]]
SPL: 10 => [[[0,[6,6]],[6,[5,5]]],[[[0,10],[7,6]],[[7,8],[16,0]]]]
SPL: 10 => [[[0,[6,6]],[6,[5,5]]],[[[0,[5,5]],[7,6]],[[7,8],[16,0]]]]
EXP: [5,5] => [[[0,[6,6]],[11,0]],[[[5,[5,5]],[7,6]],[[7,8],[16,0]]]]
EXP: [5,5] => [[[0,[6,6]],[11,0]],[[[10,0],[12,6]],[[7,8],[16,0]]]]
SPL: 11 => [[[0,[6,6]],[[5,6],0]],[[[10,0],[12,6]],[[7,8],[16,0]]]]
SPL: 10 => [[[0,[6,6]],[[5,6],0]],[[[[5,5],0],[12,6]],[[7,8],[16,0]]]]
EXP: [5,5] => [[[0,[6,6]],[[5,6],5]],[[[0,5],[12,6]],[[7,8],[16,0]]]]
SPL: 12 => [[[0,[6,6]],[[5,6],5]],[[[0,5],[[6,6],6]],[[7,8],[16,0]]]]
EXP: [6,6] => [[[6,0],[[11,6],5]],[[[0,5],[[6,6],6]],[[7,8],[16,0]]]]
EXP: [6,6] => [[[6,0],[[11,6],5]],[[[0,11],[0,12]],[[7,8],[16,0]]]]
SPL: 11 => [[[6,0],[[[5,6],6],5]],[[[0,11],[0,12]],[[7,8],[16,0]]]]
EXP: [5,6] => [[[6,5],[[0,12],5]],[[[0,11],[0,12]],[[7,8],[16,0]]]]
SPL: 12 => [[[6,5],[[0,[6,6]],5]],[[[0,11],[0,12]],[[7,8],[16,0]]]]
EXP: [6,6] => [[[6,5],[[6,0],11]],[[[0,11],[0,12]],[[7,8],[16,0]]]]
SPL: 11 => [[[6,5],[[6,0],[5,6]]],[[[0,11],[0,12]],[[7,8],[16,0]]]]
SPL: 11 => [[[6,5],[[6,0],[5,6]]],[[[0,[5,6]],[0,12]],[[7,8],[16,0]]]]
EXP: [5,6] => [[[6,5],[[6,5],0]],[[[6,[5,6]],[0,12]],[[7,8],[16,0]]]]
EXP: [5,6] => [[[6,5],[[6,5],0]],[[[11,0],[6,12]],[[7,8],[16,0]]]]
SPL: 11 => [[[6,5],[[6,5],0]],[[[[5,6],0],[6,12]],[[7,8],[16,0]]]]
EXP: [5,6] => [[[6,5],[[6,5],5]],[[[0,6],[6,12]],[[7,8],[16,0]]]]
SPL: 12 => [[[6,5],[[6,5],5]],[[[0,6],[6,[6,6]]],[[7,8],[16,0]]]]
EXP: [6,6] => [[[6,5],[[6,5],5]],[[[0,6],[12,0]],[[13,8],[16,0]]]]
SPL: 12 => [[[6,5],[[6,5],5]],[[[0,6],[[6,6],0]],[[13,8],[16,0]]]]
EXP: [6,6] => [[[6,5],[[6,5],5]],[[[0,12],[0,6]],[[13,8],[16,0]]]]
SPL: 12 => [[[6,5],[[6,5],5]],[[[0,[6,6]],[0,6]],[[13,8],[16,0]]]]
EXP: [6,6] => [[[6,5],[[6,5],5]],[[[6,0],[6,6]],[[13,8],[16,0]]]]
SPL: 13 => [[[6,5],[[6,5],5]],[[[6,0],[6,6]],[[[6,7],8],[16,0]]]]
EXP: [6,7] => [[[6,5],[[6,5],5]],[[[6,0],[6,12]],[[0,15],[16,0]]]]
SPL: 12 => [[[6,5],[[6,5],5]],[[[6,0],[6,[6,6]]],[[0,15],[16,0]]]]
EXP: [6,6] => [[[6,5],[[6,5],5]],[[[6,0],[12,0]],[[6,15],[16,0]]]]
SPL: 12 => [[[6,5],[[6,5],5]],[[[6,0],[[6,6],0]],[[6,15],[16,0]]]]
EXP: [6,6] => [[[6,5],[[6,5],5]],[[[6,6],[0,6]],[[6,15],[16,0]]]]
SPL: 15 => [[[6,5],[[6,5],5]],[[[6,6],[0,6]],[[6,[7,8]],[16,0]]]]
EXP: [7,8] => [[[6,5],[[6,5],5]],[[[6,6],[0,6]],[[13,0],[24,0]]]]
SPL: 13 => [[[6,5],[[6,5],5]],[[[6,6],[0,6]],[[[6,7],0],[24,0]]]]
EXP: [6,7] => [[[6,5],[[6,5],5]],[[[6,6],[0,12]],[[0,7],[24,0]]]]
SPL: 12 => [[[6,5],[[6,5],5]],[[[6,6],[0,[6,6]]],[[0,7],[24,0]]]]
EXP: [6,6] => [[[6,5],[[6,5],11]],[[0,[6,[6,6]]],[[0,7],[24,0]]]]
EXP: [6,6] => [[[6,5],[[6,5],11]],[[0,[12,0]],[[6,7],[24,0]]]]
SPL: 11 => [[[6,5],[[6,5],[5,6]]],[[0,[12,0]],[[6,7],[24,0]]]]
SPL: 12 => [[[6,5],[[6,5],[5,6]]],[[0,[[6,6],0]],[[6,7],[24,0]]]]
EXP: [6,6] => [[[6,5],[[6,5],[5,6]]],[[6,[0,6]],[[6,7],[24,0]]]]
SPL: 24 => [[[6,5],[[6,5],[5,6]]],[[6,[0,6]],[[6,7],[[12,12],0]]]]
EXP: [12,12] => [[[6,5],[[6,5],[5,6]]],[[6,[0,6]],[[6,19],[0,12]]]]
SPL: 19 => [[[6,5],[[6,5],[5,6]]],[[6,[0,6]],[[6,[9,10]],[0,12]]]]
EXP: [9,10] => [[[6,5],[[6,5],[5,6]]],[[6,[0,6]],[[15,0],[10,12]]]]
SPL: 15 => [[[6,5],[[6,5],[5,6]]],[[6,[0,6]],[[[7,8],0],[10,12]]]]
EXP: [7,8] => [[[6,5],[[6,5],[5,6]]],[[6,[0,13]],[[0,8],[10,12]]]]
SPL: 13 => [[[6,5],[[6,5],[5,6]]],[[6,[0,[6,7]]],[[0,8],[10,12]]]]
EXP: [6,7] => [[[6,5],[[6,5],[5,6]]],[[6,[6,0]],[[7,8],[10,12]]]]
SPL: 10 => [[[6,5],[[6,5],[5,6]]],[[6,[6,0]],[[7,8],[[5,5],12]]]]
EXP: [5,5] => [[[6,5],[[6,5],[5,6]]],[[6,[6,0]],[[7,13],[0,17]]]]
SPL: 13 => [[[6,5],[[6,5],[5,6]]],[[6,[6,0]],[[7,[6,7]],[0,17]]]]
EXP: [6,7] => [[[6,5],[[6,5],[5,6]]],[[6,[6,0]],[[13,0],[7,17]]]]
SPL: 13 => [[[6,5],[[6,5],[5,6]]],[[6,[6,0]],[[[6,7],0],[7,17]]]]
EXP: [6,7] => [[[6,5],[[6,5],[5,6]]],[[6,[6,6]],[[0,7],[7,17]]]]
SPL: 17 => [[[6,5],[[6,5],[5,6]]],[[6,[6,6]],[[0,7],[7,[8,9]]]]]
EXP: [8,9] => [[[6,5],[[6,5],[5,6]]],[[6,[6,6]],[[0,7],[15,0]]]]
SPL: 15 => [[[6,5],[[6,5],[5,6]]],[[6,[6,6]],[[0,7],[[7,8],0]]]]
EXP: [7,8] => [[[6,5],[[6,5],[5,6]]],[[6,[6,6]],[[0,14],[0,8]]]]
SPL: 14 => [[[6,5],[[6,5],[5,6]]],[[6,[6,6]],[[0,[7,7]],[0,8]]]]
EXP: [7,7] => [[[6,5],[[6,5],[5,6]]],[[6,[6,6]],[[7,0],[7,8]]]]
[[[6,5],[[6,5],[5,6]]],[[6,[6,6]],[[7,0],[7,8]]]]

[[[[6,7],[6,7]],[[7,7],[0,7]]],[[[8,7],[7,7]],[[8,8],[8,0]]]]